0.039341 0.016640
0.091947 0.104044
0.144826 0.150842
0.197977 0.114699
0.251402 0.085354
0.305099 0.060928
0.359069 0.046464
0.413312 0.034841
0.467827 0.027158
0.522616 0.025285
0.577677 0.023543
0.633011 0.026889
0.688617 0.018228
0.744497 0.015408
0.800649 0.015473
0.857074 0.014112
0.913772 0.014528
0.970742 0.015631
1.027986 0.013064
1.085502 0.010745
1.143291 0.012311
1.201353 0.011062
1.259687 0.009423
1.318294 0.008276
1.377174 0.008083
1.436327 0.011279
1.495753 0.016106
1.555451 0.009909
1.615423 0.005630
1.675667 0.004984
1.736183 0.005228
1.796973 0.006453
1.858035 0.004910
1.91937 0.0033420
1.980978 0.002764
2.042859 0.002704
2.105012 0.003136
2.167439 0.003923
2.230138 0.003811
2.293109 0.003210
2.356354 0.002494
2.419871 0.001939
2.483662 0.001843
2.547725 0.002117
2.61206 0.0040250
2.676669 0.004773
2.74155 0.0022410
2.806704 0.000617
2.872131 0.000225
2.937831 0.000174
3.003803 0.000208
3.070048 0.000191
3.136566 0.000193
3.203357 0.000189
3.270421 0.000178
3.337757 0.000163
3.405366 0.000189
3.473248 0.000158
3.541403 0.000154
3.609830 0.000167
3.678530 0.000176
3.747503 0.000156
3.816749 0.000169
3.886268 0.000179
3.956059 0.000188
4.026123 0.000158
4.096460 0.000176
4.167070 0.000154
4.237953 0.000157
4.309108 0.000169
4.380536 0.000171
4.452237 0.000159
4.524210 0.000163
4.596457 0.000169
4.668976 0.000174
4.741768 0.000172
4.814833 0.000181
4.888170 0.000195
4.961781 0.000169
5.035664 0.000176
5.109820 0.000167
5.184249 0.000175
5.258950 0.000189
5.333924 0.000173
5.409171 0.000167
5.484691 0.000155
5.560484 0.000188
5.636549 0.000182
5.712887 0.000186
5.789498 0.000187
5.866382 0.000175
5.943539 0.000171
6.020968 0.000182
6.098670 0.000157
6.176645 0.000199
6.254892 0.000184
6.333413 0.000180
6.412206 0.000198
6.491272 0.000186
6.570611 0.000186
6.650222 0.000180
6.730107 0.000166