0.004496 0.018192
0.007525 0.029983
0.010554 0.025906
0.013583 0.021804
0.016612 0.017525
0.019641 0.005158
0.022670 0.002842
0.025699 0.002215
0.028728 0.001845
0.031757 0.001654
0.034786 0.001599
0.037815 0.001536
0.040844 0.001951
0.043873 0.001360
0.046902 0.001326
0.049931 0.001325
0.052960 0.001326
0.055989 0.001444
0.059018 0.001805
0.062047 0.001754
0.065076 0.001980
0.068105 0.002015
0.071134 0.002311
0.074163 0.012684
0.077192 0.019151
0.080221 0.001993
0.083250 0.003171
0.086278 0.007660
0.089307 0.008144
0.092336 0.007003
0.095365 0.002460
0.098394 0.002160
0.101423 0.001636
0.104452 0.003363
0.107481 0.002388
0.110510 0.001703
0.113539 0.001475
0.116568 0.001497
0.119597 0.001137
0.122626 0.001183
0.125655 0.001264
0.128684 0.002910
0.131713 0.001343
0.134742 0.001201
0.137771 0.001175
0.140800 0.001187
0.143829 0.001163
0.146858 0.001172
0.149887 0.001146
0.152916 0.001691
0.155945 0.001241
0.158974 0.001092
0.162003 0.001106
0.165032 0.001194
0.168060 0.001175
0.171089 0.001110
0.174118 0.001148
0.177147 0.001209
0.180176 0.001197
0.183205 0.001252
0.186234 0.001247
0.189263 0.001204
0.192292 0.001278
0.195321 0.001180
0.198350 0.001409
0.201379 0.001261
0.204408 0.001339
0.207437 0.001981
0.210466 0.004306
0.213495 0.001204
0.216524 0.001490
0.219553 0.001180
0.222582 0.001145
0.225611 0.001218
0.228640 0.001201
0.231669 0.001229
0.234698 0.001281
0.237727 0.043680
0.240756 0.015299
0.243785 0.001256
0.246814 0.001086
0.249842 0.001031
0.252871 0.001182
0.255900 0.000982
0.258929 0.000977
0.261958 0.000969
0.264987 0.000984
0.268016 0.001063
0.271045 0.004082
0.274074 0.000990
0.277103 0.002882
0.280132 0.001156
0.283161 0.001046
0.286190 0.001078
0.289219 0.001376
0.292248 0.001032
0.295277 0.001032
0.298306 0.001724
0.301335 0.003543
0.304364 0.001065
0.307393 0.001037
0.310422 0.001026
0.313451 0.001065
0.316480 0.001074
0.319509 0.001049
0.322538 0.001213
0.325567 0.001117
0.328596 0.004081
0.331624 0.001408
0.334653 0.001111
0.337682 0.012779
0.340711 0.002541
0.343740 0.001090
0.346769 0.001045
0.349798 0.001048
0.352827 0.001085
0.355856 0.001106
0.358885 0.001061
0.361914 0.001058
0.364943 0.001069
0.367972 0.001069
0.371001 0.001084
0.374030 0.001247
0.377059 0.001478
0.380088 0.001117
0.383117 0.001049
0.386146 0.001206
0.389175 0.001252
0.392204 0.001184
0.395233 0.001188
0.398262 0.001210
0.401291 0.001191
0.404320 0.001147
0.407349 0.001146
0.410378 0.002772
0.413406 0.001034
0.416435 0.001153
0.419464 0.001015
0.422493 0.001020
0.425522 0.001014
0.428551 0.001006
0.431580 0.001008
0.434609 0.000998
0.437638 0.000975
0.440667 0.001101
0.443696 0.000983
0.446725 0.000986
0.449754 0.001004
0.452783 0.001402
0.455812 0.000982
0.458841 0.000970
0.461870 0.003410
0.464899 0.002784
0.467928 0.000957
0.470957 0.001028
0.473986 0.001051
0.477015 0.001094
0.480044 0.001148
0.483073 0.001008
0.486102 0.001005
0.489131 0.001001
0.492160 0.001035
0.495188 0.001010
0.498217 0.001029
0.501246 0.001036
0.504275 0.001183
0.507304 0.001156
0.510333 0.007438
0.513362 0.001891
0.516391 0.001139
0.519420 0.001126
0.522449 0.001170
0.525478 0.001115
0.528507 0.001093
0.531536 0.001093
0.534565 0.001107
0.537594 0.001107
0.540623 0.001102
0.543652 0.001070
0.546681 0.001236
0.549710 0.001250
0.552739 0.001102
0.555768 0.001073
0.558797 0.001100
0.561826 0.001831
0.564855 0.001436
0.567884 0.001136
0.570913 0.001312
0.573942 0.001213
0.576970 0.001133
0.579999 0.001131
0.583028 0.027241
0.586057 0.003638
0.589086 0.001256
0.592115 0.001205
0.595144 0.001180
0.598173 0.001191
0.601202 0.001162
0.604231 0.001149
0.607260 0.001141
0.610289 0.001158
0.613318 0.001131
0.616347 0.001211
0.619376 0.001192
0.622405 0.001192
0.625434 0.001155
0.628463 0.001194
0.631492 0.001179
0.634521 0.001175
0.637550 0.001184
0.640579 0.001227
0.643608 0.001197
0.646637 0.001204
0.649666 0.001183
0.652695 0.001278
0.655724 0.001333
0.658752 0.001462
0.661781 0.001275
0.664810 0.001275
0.667839 0.001356
0.670868 0.001297
0.673897 0.001354
0.676926 0.001407
0.679955 0.001301
0.682984 0.001287
0.686013 0.001308
0.689042 0.001399
0.692071 0.001344
0.695100 0.001356
0.698129 0.001381
0.701158 0.001529
0.704187 0.001443
0.707216 0.001497
0.710245 0.001379
0.713274 0.001308
0.716303 0.001236
0.719332 0.001225
0.722361 0.001260
0.725390 0.002098
0.728419 0.008456
0.731448 0.001215
0.734477 0.001187
0.737506 0.001208
0.740534 0.001181
0.743563 0.001182
0.746592 0.001101
0.749621 0.001193
0.752650 0.001173
0.755679 0.002149
0.758708 0.001215
0.761737 0.001246
0.764766 0.001581
0.767795 0.001044
0.770824 0.001316
0.773853 0.002075
0.776882 0.000975
0.779911 0.000941
0.782940 0.001428
0.785969 0.001921
0.788998 0.000902
0.792027 0.000904
0.795056 0.004666
0.798085 0.001110
0.801114 0.000834
0.804143 0.000805
0.807172 0.000788
0.810201 0.000772
0.813230 0.000764
0.816259 0.000822
0.819287 0.000758
0.822316 0.000746
0.825345 0.000789
0.828374 0.000742
0.831403 0.001159
0.834432 0.001327
0.837461 0.001703
0.840490 0.001487
0.843519 0.000710
0.846548 0.000648
0.849577 0.000614
0.852606 0.000658
0.855635 0.000638
0.858664 0.001067
0.861693 0.005197
0.864722 0.000654
0.867751 0.000607
0.870780 0.000634
0.873809 0.000672
0.876838 0.000621
0.879867 0.000570
0.882896 0.000576
0.885925 0.000603
0.888954 0.000621
0.891983 0.000674
0.895012 0.000812
0.898041 0.000539
0.901069 0.000573
0.904098 0.001092
0.907127 0.000628
0.910156 0.014630
0.913185 0.016493
0.916214 0.000699
0.919243 0.000646
0.922272 0.000623
0.925301 0.000673
0.928330 0.000796
0.931359 0.000579
0.934388 0.000531
0.937417 0.000539
0.940446 0.000506
0.943475 0.000563
0.946504 0.000554
0.949533 0.000555
0.952562 0.000626
0.955591 0.000469
0.958620 0.000718
0.961649 0.000506
0.964678 0.004906
0.967707 0.007382
0.970736 0.013109
0.973765 0.000565
0.976794 0.000553
0.979823 0.000547
0.982851 0.000640
0.985880 0.000503
0.988909 0.000622
0.991938 0.000444
0.994967 0.000443
0.997996 0.000452
1.001025 0.000675
1.004054 0.000821
1.007083 0.000550
1.010112 0.000489
1.013141 0.000451
1.016170 0.000563
1.019199 0.000520
1.022228 0.000447
1.025257 0.000401
1.028286 0.000399
1.031315 0.000429
1.034344 0.000595
1.037373 0.000413
1.040402 0.000542
1.043431 0.000427
1.046460 0.000410
1.049489 0.000399
1.052518 0.000419
1.055547 0.000476
1.058576 0.000623
1.061605 0.000629
1.064633 0.001200
1.067662 0.000653
1.070691 0.000453
1.073720 0.000491
1.076749 0.000501
1.079778 0.000895
1.082807 0.000396
1.085836 0.000380
1.088865 0.000385
1.091894 0.000492
1.094923 0.001606
1.097952 0.000478
1.100981 0.000389
1.104010 0.000396
1.107039 0.000377
1.110068 0.000908
1.113097 0.000600
1.116126 0.000398
1.119155 0.000436
1.122184 0.000689
1.125213 0.000558
1.128242 0.000387
1.131271 0.000377
1.134300 0.000380
1.137329 0.000376
1.140358 0.000375
1.143387 0.000389
1.146415 0.000380
1.149444 0.000395
1.152473 0.000474
1.155502 0.000476
1.158531 0.000395
1.161560 0.000375
1.164589 0.000428
1.167618 0.000504
1.170647 0.000467
1.173676 0.000382
1.176705 0.000391
1.179734 0.000373
1.182763 0.000374
1.185792 0.000378
1.188821 0.000378
1.191850 0.000378
1.194879 0.000374
1.197908 0.000375
1.200937 0.000379
1.203966 0.000360
1.206995 0.000386
1.210024 0.000381
1.213053 0.000378
1.216082 0.000387
1.219111 0.000387
1.222140 0.000379
1.225169 0.000380
1.228197 0.000386
1.231226 0.000382
1.234255 0.000381
1.237284 0.000380
1.240313 0.000382
1.243342 0.000425
1.246371 0.000840
1.249400 0.000596
1.252429 0.000403
1.255458 0.000384
1.258487 0.000386
1.261516 0.000394
1.264545 0.000391
1.267574 0.000383
1.270603 0.000384
1.273632 0.000380
1.276661 0.000391
1.279690 0.000382
1.282719 0.000391
1.285748 0.000439
1.288777 0.000457
1.291806 0.000385
1.294835 0.000380
1.297864 0.000377
1.300893 0.000376
1.303922 0.000389
1.306951 0.000387
1.309979 0.000405
1.313008 0.000390
1.316037 0.000397
1.319066 0.000388
1.322095 0.000383
1.325124 0.000382
1.328153 0.000385
1.331182 0.000387
1.334211 0.000390
1.337240 0.000398
1.340269 0.000396
1.343298 0.000411
1.346327 0.000466
1.349356 0.000417
1.352385 0.000394
1.355414 0.000398
1.358443 0.000424
1.361472 0.000406
1.364501 0.000399
1.367530 0.000393
1.370559 0.000379
1.373588 0.000822
1.376617 0.000564
1.379646 0.000378
1.382675 0.000368
1.385704 0.000370
1.388733 0.000367
1.391761 0.000376
1.394790 0.000364
1.397819 0.000357
1.400848 0.000362
1.403877 0.000353
1.406906 0.000347
1.409935 0.000329
1.412964 0.000323
1.415993 0.000336
1.419022 0.000320
1.422051 0.000311
1.425080 0.000307
1.428109 0.000311
1.431138 0.000496
1.434167 0.000391
1.437196 0.000305
1.440225 0.000303
1.443254 0.000300
1.446283 0.000290
1.449312 0.000289
1.452341 0.000296
1.455370 0.000311
1.458399 0.000878
1.461428 0.000536
1.464457 0.000276
1.467486 0.000278
1.470515 0.000287
1.473543 0.000397
1.476572 0.000280
1.479601 0.000269
1.482630 0.000264
1.485659 0.000249
1.488688 0.000250
1.491717 0.000247
1.494746 0.000808
1.497775 0.000701
1.500804 0.000614
1.503833 0.000404
1.506862 0.000224
1.509891 0.000260
1.512920 0.000685
1.515949 0.000292
1.518978 0.000232
1.522007 0.000224
1.525036 0.000224
1.528065 0.000255
1.531094 0.000286
1.534123 0.000226
1.537152 0.000253
1.540181 0.000236
1.543210 0.000213
1.546239 0.000221
1.549268 0.000258
1.552297 0.000227
1.555325 0.000292
1.558354 0.000351
1.561383 0.000232
1.564412 0.000219
1.567441 0.000217
1.570470 0.000217
1.573499 0.000250
1.576528 0.000224
1.579557 0.000665
1.582586 0.000497
1.585615 0.000816
1.588644 0.003450
1.591673 0.001673
1.594702 0.000721
1.597731 0.000267
1.600760 0.000257
1.603789 0.000269
1.606818 0.000258
1.609847 0.000253
1.612876 0.000244
1.615905 0.000249
1.618934 0.000904
1.621963 0.001442
1.624992 0.000576
1.628021 0.000572
1.631050 0.001847
1.634079 0.000364
1.637107 0.000579
1.640136 0.000481
1.643165 0.000254
1.646194 0.000261
1.649223 0.000246
1.652252 0.000238
1.655281 0.000237
1.658310 0.000236
1.661339 0.000239
1.664368 0.000327
1.667397 0.000460
1.670426 0.000251
1.673455 0.000241
1.676484 0.000291
1.679513 0.000349
1.682542 0.000270
1.685571 0.000350
1.688600 0.000266
1.691629 0.000239
1.694658 0.000242
1.697687 0.000230
1.700716 0.000276
1.703745 0.000288
1.706774 0.000253
1.709803 0.000242
1.712832 0.000250
1.715861 0.000247
1.718889 0.000243
1.721918 0.000263
1.724947 0.000303
1.727976 0.000247
1.731005 0.000245
1.734034 0.000247
1.737063 0.000258
1.740092 0.000270
1.743121 0.000261
1.746150 0.000254
1.749179 0.000251
1.752208 0.000254
1.755237 0.000256
1.758266 0.000280
1.761295 0.000256
1.764324 0.000254
1.767353 0.000258
1.770382 0.000259
1.773411 0.000261
1.776440 0.000257
1.779469 0.000260
1.782498 0.000261
1.785527 0.000263
1.788556 0.000263
1.791585 0.000261
1.794614 0.000265
1.797643 0.000269
1.800671 0.000272
1.803700 0.000309
1.806729 0.000393
1.809758 0.000270
1.812787 0.000265
1.815816 0.000265
1.818845 0.000266
1.821874 0.000298
1.824903 0.000292
1.827932 0.000273
1.830961 0.000270
1.833990 0.000297
1.837019 0.000292
1.840048 0.000292
1.843077 0.000308
1.846106 0.000278
1.849135 0.000281
1.852164 0.000282
1.855193 0.000276
1.858222 0.000283
1.861251 0.000282
1.864280 0.000283
1.867309 0.000297
1.870338 0.000318
1.873367 0.000289
1.876396 0.000288
1.879425 0.000293
1.882453 0.000292
1.885482 0.000350
1.888511 0.000348
1.891540 0.000296
1.894569 0.000294
1.897598 0.000299
1.900627 0.000300
1.903656 0.000302
1.906685 0.000314
1.909714 0.000305
1.912743 0.000307
1.915772 0.000308
1.918801 0.000312
1.921830 0.000310
1.924859 0.000310
1.927888 0.000320
1.930917 0.000320
1.933946 0.000306
1.936975 0.000307
1.940004 0.000304
1.943033 0.000304
1.946062 0.000302
1.949091 0.000314
1.952120 0.000338
1.955149 0.000310
1.958178 0.000304
1.961207 0.000302
1.964235 0.000315
1.967264 0.000310
1.970293 0.000305
1.973322 0.000307
1.976351 0.000302
1.979380 0.000300
1.982409 0.000304
1.985438 0.000300
1.988467 0.000302
1.991496 0.000303
1.994525 0.000303
1.997554 0.000302
2.000583 0.000303
2.003612 0.000304
2.006641 0.000304
2.009670 0.000303
2.012699 0.000304
2.015728 0.000307
2.018757 0.000306
2.021786 0.000305
2.024815 0.000306
2.027844 0.000306
2.030873 0.000312
2.033902 0.000310
2.036931 0.000313
2.039960 0.000312
2.042989 0.000312
2.046017 0.000316
2.049046 0.000314
2.052075 0.000318
2.055104 0.000318
2.058133 0.000319
2.061162 0.000323
2.064191 0.000319
2.067220 0.000320
2.070249 0.000323
2.073278 0.000324
2.076307 0.000327
2.079336 0.000329
2.082365 0.000330
2.085394 0.000325
2.088423 0.000331
2.091452 0.000335
2.094481 0.000334
2.097510 0.000373
2.100539 0.001278
2.103568 0.002348
2.106597 0.000746
2.109626 0.000387
2.112655 0.000376
2.115684 0.000371
2.118713 0.000373
2.121742 0.000378
2.124771 0.000371
2.127799 0.000375
2.130828 0.000375
2.133857 0.000373
2.136886 0.000379
2.139915 0.000377
2.142944 0.000379
2.145973 0.000382
2.149002 0.000385
2.152031 0.000388
2.155060 0.000385
2.158089 0.000390
2.161118 0.000390
2.164147 0.000396
2.167176 0.000400
2.170205 0.000403
2.173234 0.000483
2.176263 0.000505
2.179292 0.000425
2.182321 0.000411
2.185350 0.000416
2.188379 0.000420
2.191408 0.000418
2.194437 0.000421
2.197466 0.000423
2.200495 0.000419
2.203524 0.000420
2.206553 0.000427
2.209581 0.000425
2.212610 0.000428
2.215639 0.000433
2.218668 0.000429
2.221697 0.000438
2.224726 0.000440
2.227755 0.000444
2.230784 0.000444
2.233813 0.000445
2.236842 0.000446
2.239871 0.000452
2.242900 0.000453
2.245929 0.000459
2.248958 0.000461
2.251987 0.000464
2.255016 0.000471
2.258045 0.000469
2.261074 0.000476
2.264103 0.000478
2.267132 0.000484
2.270161 0.000489
2.273190 0.000494
2.276219 0.000499
2.279248 0.000503
2.282277 0.000506
2.285306 0.000512
2.288335 0.000514
2.291363 0.000521
2.294392 0.000525
2.297421 0.000530
2.300450 0.000535
2.303479 0.000541
2.306508 0.000551
2.309537 0.000555
2.312566 0.000566
2.315595 0.000570
2.318624 0.000576
2.321653 0.000583
2.324682 0.000589
2.327711 0.000599
2.330740 0.000603
2.333769 0.000616
2.336798 0.000631
2.339827 0.000635
2.342856 0.000642
2.345885 0.000660
2.348914 0.000661
2.351943 0.000679
2.354972 0.000691
2.358001 0.000698
2.361030 0.000712
2.364059 0.000717
2.367088 0.000723
2.370116 0.000730
2.373145 0.000732
2.376174 0.000726
2.379203 0.000697
2.382232 0.000629
2.385261 0.000570
2.388290 0.000545
2.391319 0.000525
2.394348 0.000519
2.397377 0.000510
2.400406 0.000507
2.403435 0.000505
2.406464 0.000500
2.409493 0.000496
2.412522 0.000489
2.415551 0.000488
2.418580 0.000483
2.421609 0.000476
2.424638 0.000473
2.427667 0.000470
2.430696 0.000463
2.433725 0.000457
2.436754 0.000454
2.439783 0.000449
2.442812 0.000441
2.445841 0.000433
2.448870 0.000428
2.451898 0.000436
2.454927 0.000412
2.457956 0.000399
2.460985 0.000387
2.464014 0.000381
2.467043 0.000372
2.470072 0.000367
2.473101 0.000344
2.476130 0.000340
2.479159 0.000330
2.482188 0.000318
2.485217 0.000310
2.488246 0.000295
2.491275 0.000285
2.494304 0.000276
2.497333 0.000267
2.500362 0.000255
2.503391 0.000250
2.506420 0.000242
2.509449 0.000232
2.512478 0.000224
2.515507 0.000213
2.518536 0.000210
2.521565 0.000205
2.524594 0.000198
2.527623 0.000193
2.530652 0.000191
2.533680 0.000190
2.536709 0.000185
2.539738 0.000184
2.542767 0.000181
2.545796 0.000183
2.548825 0.000185
2.551854 0.000183
2.554883 0.000182
2.557912 0.000190
2.560941 0.000184
2.563970 0.000173
2.566999 0.000168
2.570028 0.000165
2.573057 0.000166
2.576086 0.000164
2.579115 0.000161
2.582144 0.000157
2.585173 0.000161
2.588202 0.000160
2.591231 0.000161
2.594260 0.000157
2.597289 0.000154
2.600318 0.000158
2.603347 0.000160
2.606376 0.000166
2.609405 0.002311
2.612434 0.017929
2.615462 0.009930
2.618491 0.000636
2.621520 0.000254
2.624549 0.000231
2.627578 0.000223
2.630607 0.000204
2.633636 0.000190
2.636665 0.000181
2.639694 0.000178
2.642723 0.000179
2.645752 0.000178
2.648781 0.000176
2.651810 0.000176
2.654839 0.000176
2.657868 0.000174
2.660897 0.000170
2.663926 0.000172
2.666955 0.000169
2.669984 0.000172
2.673013 0.000176
2.676042 0.000178
2.679071 0.000180
2.682100 0.000254
2.685129 0.000489
2.688158 0.000420
2.691187 0.000219
2.694216 0.000178
2.697244 0.000229
2.700273 0.000219
2.703302 0.000202
2.706331 0.000202
2.709360 0.000172
2.712389 0.000163
2.715418 0.000164
2.718447 0.000174
2.721476 0.000170
2.724505 0.000161
2.727534 0.000161
2.730563 0.000159
2.733592 0.000155
2.736621 0.000159
2.739650 0.000159
2.742679 0.000158
2.745708 0.000158
2.748737 0.000156
2.751766 0.000156
2.754795 0.000158
2.757824 0.000155
2.760853 0.000157
2.763882 0.000150
2.766911 0.000149
2.769940 0.000149
2.772969 0.000150
2.775998 0.000149
2.779026 0.000148
2.782055 0.000147
2.785084 0.000151
2.788113 0.000154
2.791142 0.000156
2.794171 0.000159
2.797200 0.000158
2.800229 0.000153
2.803258 0.000150
2.806287 0.000148
2.809316 0.000147
2.812345 0.000147
2.815374 0.000149
2.818403 0.000144
2.821432 0.000150
2.824461 0.000150
2.827490 0.000147
2.830519 0.000144
2.833548 0.000143
2.836577 0.000142
2.839606 0.000143
2.842635 0.000145
2.845664 0.000153
2.848693 0.000151
2.851722 0.000150
2.854751 0.000143
2.857780 0.000141
2.860808 0.000138
2.863837 0.000156
2.866866 0.000155
2.869895 0.000141
2.872924 0.000136
2.875953 0.000140
2.878982 0.000138
2.882011 0.000139
2.885040 0.000145
2.888069 0.000250
2.891098 0.000296
2.894127 0.000150
2.897156 0.000136
2.900185 0.000132
2.903214 0.000135
2.906243 0.000135
2.909272 0.000132
2.912301 0.000136
2.915330 0.000136
2.918359 0.000137
2.921388 0.000140
2.924417 0.000136
2.927446 0.000142
2.930475 0.000138
2.933504 0.000143
2.936533 0.000141
2.939562 0.000143
2.942590 0.000144
2.945619 0.000144
2.948648 0.000144
2.951677 0.000144
2.954706 0.000141
2.957735 0.000144
2.960764 0.000159
2.963793 0.000144
2.966822 0.000127
2.969851 0.000123
2.972880 0.000123
2.975909 0.000121
2.978938 0.000116
2.981967 0.000122
2.984996 0.000119
2.988025 0.000120
2.991054 0.000116
2.994083 0.000119
2.997112 0.000114
3.000141 0.000119
3.003170 0.000119
3.006199 0.000117
3.009228 0.000122
3.012257 0.000121
3.015286 0.000114
3.018315 0.000108
3.021344 0.000096
3.024372 0.000093
3.027401 0.000085
3.030430 0.000085
3.033459 0.000081
3.036488 0.000080
3.039517 0.000080
3.042546 0.000076
3.045575 0.000071
3.048604 0.000069
3.051633 0.000068
3.054662 0.000065
3.057691 0.000064
3.060720 0.000064
3.063749 0.000062
3.066778 0.000060
3.069807 0.000056
3.072836 0.000056
3.075865 0.000052
3.078894 0.000048
3.081923 0.000049
3.084952 0.000048
3.087981 0.000048
3.091010 0.000047
3.094039 0.000047
3.097068 0.000046
3.100097 0.000042
3.103126 0.000043
